#face
circle
300 300 0 300
circle
300 300 0 250
circle
300 300 0 200
circle
300 300 0 150
circle
300 300 0 100
circle
300 300 0 50
circle
300 300 0 25
circle
300 300 0 12
circle
300 300 0 6
circle
300 300 0 3
circle
300 300 0 1
hermite
150 150 350 150 -100 -100 100 150
hermite
250 250 350 350 -200 -200 300 150
hermite
250 150 650 150 -100 -100 100 150
hermite
250 550 350 450 -200 -200 300 150
hermite
150 150 350 150 -100 -100 100 150
bezier
200 250 200 50 300 250 300 250
bezier
150 50 176 50 300 250 300 250
bezier
100 250 110 50 270 250 300 250
bezier
200 250 150 75 150 250 150 250
bezier
200 120 150 150 200 50 250 250
bezier
100 250 150 50 300 250 200 250
bezier
200 225 100 250 300 250 100 250
display
save
face.png
